# field_out
#x y z t Bx By Bz Ex Ey Ez
0 0 0 0 0 0 4.00581 0 0 0 
0 0 50 0 0 0 4.00555 0 0 0 
0 0 100 0 0 0 3.99184 0 0 0 
0 0 150 0 0 0 3.96232 0 0 0 
0 0 200 0 0 0 3.91221 0 0 0 
0 0 250 0 0 0 3.83338 0 0 0 
0 0 300 0 0 0 3.71251 0 0 0 
0 0 350 0 0 0 3.52879 0 0 0 
0 0 400 0 0 0 3.25279 0 0 0 
0 0 450 0 0 0 2.85671 0 0 0 
0 0 500 0 0 0 2.36158 0 0 0 
0 0 550 0 0 0 1.88599 0 0 0 
0 0 600 0 0 0 1.55195 0 0 0 
0 0 650 0 0 0 1.39148 0 0 0 
0 0 700 0 0 0 1.39773 0 0 0 
0 0 750 0 0 0 1.57594 0 0 0 
0 0 800 0 0 0 1.95518 0 0 0 
0 0 850 0 0 0 2.56832 0 0 0 
0 0 900 0 0 0 3.35201 0 0 0 
0 0 950 0 0 0 4.01942 0 0 0 
0 0 1000 0 0 0 4.26703 0 0 0 
0 0 1050 0 0 0 4.00187 0 0 0 
0 0 1100 0 0 0 3.31447 0 0 0 
0 0 1150 0 0 0 2.50539 0 0 0 
0 0 1200 0 0 0 1.85738 0 0 0 
0 0 1250 0 0 0 1.42775 0 0 0 
0 0 1300 0 0 0 1.17401 0 0 0 
0 0 1350 0 0 0 1.05261 0 0 0 
0 0 1400 0 0 0 1.03848 0 0 0 
0 0 1450 0 0 0 1.12243 0 0 0 
0 0 1500 0 0 0 1.2996 0 0 0 
0 0 1550 0 0 0 1.55753 0 0 0 
0 0 1600 0 0 0 1.89906 0 0 0 
0 0 1650 0 0 0 2.37084 0 0 0 
0 0 1700 0 0 0 3.06371 0 0 0 
0 0 1750 0 0 0 4.08846 0 0 0 
0 0 1800 0 0 0 5.41128 0 0 0 
0 0 1850 0 0 0 6.65665 0 0 0 
0 0 1900 0 0 0 7.46521 0 0 0 
0 0 1950 0 0 0 7.93149 0 0 0 
0 0 2000 0 0 0 8.92649 0 0 0 
0 0 2050 0 0 0 13.0821 0 0 0 
0 0 2100 0 0 0 26.0838 0 0 0 
0 0 2150 0 0 0 38.3296 0 0 0 
0 0 2200 0 0 0 40.5728 0 0 0 
0 0 2250 0 0 0 40.712 0 0 0 
0 0 2300 0 0 0 40.6111 0 0 0 
0 0 2350 0 0 0 40.5407 0 0 0 
0 0 2400 0 0 0 40.49 0 0 0 
0 0 2450 0 0 0 40.4539 0 0 0 
0 0 2500 0 0 0 40.4285 0 0 0 
0 0 2550 0 0 0 40.4099 0 0 0 
0 0 2600 0 0 0 40.3956 0 0 0 
0 0 2650 0 0 0 40.3847 0 0 0 
0 0 2700 0 0 0 40.3762 0 0 0 
0 0 2750 0 0 0 40.3692 0 0 0 
0 0 2800 0 0 0 40.3637 0 0 0 
0 0 2850 0 0 0 40.3591 0 0 0 
0 0 2900 0 0 0 40.3549 0 0 0 
0 0 2950 0 0 0 40.3518 0 0 0 
0 0 3000 0 0 0 40.3491 0 0 0 
0 0 3050 0 0 0 40.347 0 0 0 
0 0 3100 0 0 0 40.3453 0 0 0 
0 0 3150 0 0 0 40.3443 0 0 0 
0 0 3200 0 0 0 40.3438 0 0 0 
0 0 3250 0 0 0 40.3443 0 0 0 
0 0 3300 0 0 0 40.3466 0 0 0 
0 0 3350 0 0 0 40.3504 0 0 0 
0 0 3400 0 0 0 40.3586 0 0 0 
0 0 3450 0 0 0 40.3725 0 0 0 
0 0 3500 0 0 0 40.3936 0 0 0 
0 0 3550 0 0 0 40.3983 0 0 0 
0 0 3600 0 0 0 40.0904 0 0 0 
0 0 3650 0 0 0 36.2316 0 0 0 
0 0 3700 0 0 0 21.7504 0 0 0 
0 0 3750 0 0 0 10.4301 0 0 0 
0 0 3800 0 0 0 6.89759 0 0 0 
0 0 3850 0 0 0 5.83612 0 0 0 
0 0 3900 0 0 0 5.20934 0 0 0 
0 0 3950 0 0 0 4.43161 0 0 0 
0 0 4000 0 0 0 3.43359 0 0 0 
0 0 4050 0 0 0 2.43913 0 0 19 
0 0 4100 0 0 0 1.64941 0 0 19 
0 0 4150 0 0 0 1.0723 0 0 19 
0 0 4200 0 0 0 0.638198 0 0 19 
0 0 4250 0 0 0 0.279104 0 0 19 
0 0 4300 0 0 0 -0.0501343 0 0 0 
0 0 4350 0 0 0 -0.352507 0 0 0 
0 0 4400 0 0 0 -0.581518 0 0 0 
0 0 4450 0 0 0 -0.69178 0 0 0 
0 0 4500 0 0 0 -0.680047 0 0 0 
0 0 4550 0 0 0 -0.583321 0 0 0 
0 0 4600 0 0 0 -0.474218 0 0 19 
0 0 4650 0 0 0 -0.41252 0 0 19 
0 0 4700 0 0 0 -0.416335 0 0 19 
0 0 4750 0 0 0 -0.490146 0 0 19 
0 0 4800 0 0 0 -0.641941 0 0 19 
0 0 4850 0 0 0 -0.873872 0 0 0 
0 0 4900 0 0 0 -1.14505 0 0 0 
0 0 4950 0 0 0 -1.35132 0 0 0 
0 0 5000 0 0 0 -1.40002 0 0 0 
0 0 5050 0 0 0 -1.27137 0 0 0 
0 0 5100 0 0 0 -1.0127 0 0 0 
0 0 5150 0 0 0 -0.728515 0 0 19 
0 0 5200 0 0 0 -0.500864 0 0 19 
0 0 5250 0 0 0 -0.340438 0 0 19 
0 0 5300 0 0 0 -0.228909 0 0 19 
0 0 5350 0 0 0 -0.147705 0 0 19 
0 0 5400 0 0 0 -0.0843061 0 0 0 
0 0 5450 0 0 0 -0.0348307 0 0 0 
0 0 5500 0 0 0 -0.00450396 0 0 0 
0 0 5550 0 0 0 0.000224011 0 0 0 
0 0 5600 0 0 0 -0.0221903 0 0 0 
0 0 5650 0 0 0 -0.0688315 0 0 0 
0 0 5700 0 0 0 -0.133572 0 0 19 
0 0 5750 0 0 0 -0.215209 0 0 19 
0 0 5800 0 0 0 -0.323277 0 0 19 
0 0 5850 0 0 0 -0.475602 0 0 19 
0 0 5900 0 0 0 -0.694574 0 0 19 
0 0 5950 0 0 0 -0.99179 0 0 0 
0 0 6000 0 0 0 -1.32487 0 0 0 
0 0 6050 0 0 0 -1.57485 0 0 0 
0 0 6100 0 0 0 -1.63472 0 0 0 
0 0 6150 0 0 0 -1.48236 0 0 0 
0 0 6200 0 0 0 -1.17389 0 0 0 
0 0 6250 0 0 0 -0.832132 0 0 19 
0 0 6300 0 0 0 -0.552903 0 0 19 
0 0 6350 0 0 0 -0.347434 0 0 19 
0 0 6400 0 0 0 -0.191974 0 0 19 
0 0 6450 0 0 0 -0.0617506 0 0 19 
0 0 6500 0 0 0 0.0597685 0 0 0 
0 0 6550 0 0 0 0.17247 0 0 0 
0 0 6600 0 0 0 0.256266 0 0 0 
0 0 6650 0 0 0 0.291794 0 0 0 
0 0 6700 0 0 0 0.27693 0 0 0 
0 0 6750 0 0 0 0.22604 0 0 0 
0 0 6800 0 0 0 0.167846 0 0 19 
0 0 6850 0 0 0 0.125364 0 0 19 
0 0 6900 0 0 0 0.103746 0 0 19 
0 0 6950 0 0 0 0.101482 0 0 19 
0 0 7000 0 0 0 0.117625 0 0 19 
0 0 7050 0 0 0 0.150479 0 0 0 
0 0 7100 0 0 0 0.191537 0 0 0 
0 0 7150 0 0 0 0.21984 0 0 0 
0 0 7200 0 0 0 0.216857 0 0 0 
0 0 7250 0 0 0 0.177478 0 0 0 
0 0 7300 0 0 0 0.108658 0 0 0 
0 0 7350 0 0 0 0.0271445 0 0 19 
0 0 7400 0 0 0 -0.0560789 0 0 19 
0 0 7450 0 0 0 -0.145848 0 0 19 
0 0 7500 0 0 0 -0.255838 0 0 19 
0 0 7550 0 0 0 -0.402485 0 0 19 
0 0 7600 0 0 0 -0.594386 0 0 0 
0 0 7650 0 0 0 -0.804456 0 0 0 
0 0 7700 0 0 0 -0.955319 0 0 0 
0 0 7750 0 0 0 -0.976662 0 0 0 
0 0 7800 0 0 0 -0.851687 0 0 0 
0 0 7850 0 0 0 -0.612569 0 0 0 
0 0 7900 0 0 0 -0.332029 0 0 19 
0 0 7950 0 0 0 -0.0613955 0 0 19 
0 0 8000 0 0 0 0.208724 0 0 19 
0 0 8050 0 0 0 0.518671 0 0 19 
0 0 8100 0 0 0 0.916524 0 0 19 
0 0 8150 0 0 0 1.42808 0 0 0 
0 0 8200 0 0 0 1.98403 0 0 0 
0 0 8250 0 0 0 2.38183 0 0 0 
0 0 8300 0 0 0 2.43704 0 0 0 
0 0 8350 0 0 0 2.10725 0 0 0 
0 0 8400 0 0 0 1.48003 0 0 0 
0 0 8450 0 0 0 0.751398 0 0 19 
0 0 8500 0 0 0 0.0632974 0 0 19 
0 0 8550 0 0 0 -0.599072 0 0 19 
0 0 8600 0 0 0 -1.32753 0 0 19 
0 0 8650 0 0 0 -2.2318 0 0 19 
0 0 8700 0 0 0 -3.38396 0 0 0 
0 0 8750 0 0 0 -4.68783 0 0 0 
0 0 8800 0 0 0 -5.8249 0 0 0 
0 0 8850 0 0 0 -6.57579 0 0 0 
0 0 8900 0 0 0 -7.19063 0 0 0 
0 0 8950 0 0 0 -8.72303 0 0 0 
0 0 9000 0 0 0 -14.4326 0 0 0 
0 0 9050 0 0 0 -29.326 0 0 0 
0 0 9100 0 0 0 -39.0217 0 0 0 
0 0 9150 0 0 0 -40.4841 0 0 0 
0 0 9200 0 0 0 -40.5413 0 0 0 
0 0 9250 0 0 0 -40.4776 0 0 0 
0 0 9300 0 0 0 -40.4308 0 0 0 
0 0 9350 0 0 0 -40.4016 0 0 0 
0 0 9400 0 0 0 -40.3813 0 0 0 
0 0 9450 0 0 0 -40.3679 0 0 0 
0 0 9500 0 0 0 -40.3584 0 0 0 
0 0 9550 0 0 0 -40.3515 0 0 0 
0 0 9600 0 0 0 -40.3465 0 0 0 
0 0 9650 0 0 0 -40.3428 0 0 0 
0 0 9700 0 0 0 -40.34 0 0 0 
0 0 9750 0 0 0 -40.3374 0 0 0 
0 0 9800 0 0 0 -40.3356 0 0 0 
0 0 9850 0 0 0 -40.334 0 0 0 
0 0 9900 0 0 0 -40.333 0 0 0 
0 0 9950 0 0 0 -40.3316 0 0 0 
0 0 10000 0 0 0 -40.3303 0 0 0 
0 0 10050 0 0 0 -40.3289 0 0 0 
0 0 10100 0 0 0 -40.3275 0 0 0 
0 0 10150 0 0 0 -40.3259 0 0 0 
0 0 10200 0 0 0 -40.3242 0 0 0 
0 0 10250 0 0 0 -40.3223 0 0 0 
0 0 10300 0 0 0 -40.3201 0 0 0 
0 0 10350 0 0 0 -40.3187 0 0 0 
0 0 10400 0 0 0 -40.3172 0 0 0 
0 0 10450 0 0 0 -40.3181 0 0 0 
0 0 10500 0 0 0 -40.3234 0 0 0 
0 0 10550 0 0 0 -40.2639 0 0 0 
0 0 10600 0 0 0 -39.4684 0 0 0 
0 0 10650 0 0 0 -33.3019 0 0 0 
0 0 10700 0 0 0 -17.3355 0 0 0 
0 0 10750 0 0 0 -8.51279 0 0 0 
0 0 10800 0 0 0 -5.79187 0 0 0 
0 0 10850 0 0 0 -4.82993 0 0 0 
0 0 10900 0 0 0 -4.22578 0 0 0 
0 0 10950 0 0 0 -3.54919 0 0 0 
0 0 11000 0 0 0 -2.79518 0 0 0 
0 0 11050 0 0 0 -2.13574 0 0 32 
0 0 11100 0 0 0 -1.68782 0 0 32 
0 0 11150 0 0 0 -1.45711 0 0 32 
0 0 11200 0 0 0 -1.41887 0 0 32 
0 0 11250 0 0 0 -1.55961 0 0 32 
0 0 11300 0 0 0 -1.85155 0 0 0 
0 0 11350 0 0 0 -2.18825 0 0 0 
0 0 11400 0 0 0 -2.39835 0 0 0 
0 0 11450 0 0 0 -2.36318 0 0 0 
0 0 11500 0 0 0 -2.07508 0 0 0 
0 0 11550 0 0 0 -1.63566 0 0 0 
0 0 11600 0 0 0 -1.20413 0 0 32 
0 0 11650 0 0 0 -0.876449 0 0 32 
0 0 11700 0 0 0 -0.656797 0 0 32 
0 0 11750 0 0 0 -0.519718 0 0 32 
0 0 11800 0 0 0 -0.442842 0 0 32 
0 0 11850 0 0 0 -0.408912 0 0 0 
0 0 11900 0 0 0 -0.398078 0 0 0 
0 0 11950 0 0 0 -0.38751 0 0 0 
0 0 12000 0 0 0 -0.361728 0 0 0 
0 0 12050 0 0 0 -0.317549 0 0 0 
0 0 12100 0 0 0 -0.263574 0 0 0 
0 0 12150 0 0 0 -0.214596 0 0 32 
0 0 12200 0 0 0 -0.179721 0 0 32 
0 0 12250 0 0 0 -0.15946 0 0 32 
0 0 12300 0 0 0 -0.151835 0 0 32 
0 0 12350 0 0 0 -0.155494 0 0 32 
0 0 12400 0 0 0 -0.169093 0 0 0 
0 0 12450 0 0 0 -0.188963 0 0 0 
0 0 12500 0 0 0 -0.209649 0 0 0 
0 0 12550 0 0 0 -0.228331 0 0 0 
0 0 12600 0 0 0 -0.247247 0 0 0 
0 0 12650 0 0 0 -0.27413 0 0 0 
0 0 12700 0 0 0 -0.321193 0 0 32 
0 0 12750 0 0 0 -0.402065 0 0 32 
0 0 12800 0 0 0 -0.532683 0 0 32 
0 0 12850 0 0 0 -0.73521 0 0 32 
0 0 12900 0 0 0 -1.03512 0 0 32 
0 0 12950 0 0 0 -1.43184 0 0 0 
0 0 13000 0 0 0 -1.83997 0 0 0 
0 0 13050 0 0 0 -2.10574 0 0 0 
0 0 13100 0 0 0 -2.12246 0 0 0 
0 0 13150 0 0 0 -1.88816 0 0 0 
0 0 13200 0 0 0 -1.5052 0 0 0 
0 0 13250 0 0 0 -1.13104 0 0 16 
0 0 13300 0 0 0 -0.863064 0 0 16 
0 0 13350 0 0 0 -0.711929 0 0 16 
0 0 13400 0 0 0 -0.661941 0 0 16 
0 0 13450 0 0 0 -0.70143 0 0 16 
0 0 13500 0 0 0 -0.814055 0 0 0 
0 0 13550 0 0 0 -0.95056 0 0 0 
0 0 13600 0 0 0 -1.03428 0 0 0 
0 0 13650 0 0 0 -1.01217 0 0 0 
0 0 13700 0 0 0 -0.880047 0 0 0 
0 0 13750 0 0 0 -0.681649 0 0 0 
0 0 13800 0 0 0 -0.48593 0 0 16 
0 0 13850 0 0 0 -0.334101 0 0 16 
0 0 13900 0 0 0 -0.227044 0 0 16 
0 0 13950 0 0 0 -0.152297 0 0 16 
0 0 14000 0 0 0 -0.098613 0 0 16 
0 0 14050 0 0 0 -0.0580768 0 0 0 
0 0 14100 0 0 0 -0.025319 0 0 0 
0 0 14150 0 0 0 0.0034548 0 0 0 
0 0 14200 0 0 0 0.0312296 0 0 0 
0 0 14250 0 0 0 0.0607646 0 0 0 
0 0 14300 0 0 0 0.0951501 0 0 0 
0 0 14350 0 0 0 0.138371 0 0 16 
0 0 14400 0 0 0 0.196124 0 0 16 
0 0 14450 0 0 0 0.276883 0 0 16 
0 0 14500 0 0 0 0.392668 0 0 16 
0 0 14550 0 0 0 0.557248 0 0 16 
0 0 14600 0 0 0 0.77135 0 0 0 
0 0 14650 0 0 0 0.993554 0 0 0 
0 0 14700 0 0 0 1.14865 0 0 0 
0 0 14750 0 0 0 1.18533 0 0 0 
0 0 14800 0 0 0 1.10536 0 0 0 
0 0 14850 0 0 0 0.9636 0 0 0 
0 0 14900 0 0 0 0.844647 0 0 16 
0 0 14950 0 0 0 0.806494 0 0 16 
0 0 15000 0 0 0 0.869048 0 0 16 
0 0 15050 0 0 0 1.04593 0 0 16 
0 0 15100 0 0 0 1.35561 0 0 16 
0 0 15150 0 0 0 1.79098 0 0 0 
0 0 15200 0 0 0 2.25257 0 0 0 
0 0 15250 0 0 0 2.56641 0 0 0 
0 0 15300 0 0 0 2.61328 0 0 0 
0 0 15350 0 0 0 2.39332 0 0 0 
0 0 15400 0 0 0 2.02621 0 0 0 
0 0 15450 0 0 0 1.69678 0 0 16 
0 0 15500 0 0 0 1.5273 0 0 16 
0 0 15550 0 0 0 1.55 0 0 16 
0 0 15600 0 0 0 1.77831 0 0 16 
0 0 15650 0 0 0 2.23688 0 0 16 
0 0 15700 0 0 0 2.92245 0 0 0 
0 0 15750 0 0 0 3.71759 0 0 0 
0 0 15800 0 0 0 4.42859 0 0 0 
0 0 15850 0 0 0 5.02988 0 0 0 
0 0 15900 0 0 0 5.91 0 0 0 
0 0 15950 0 0 0 8.40947 0 0 0 
0 0 16000 0 0 0 16.5866 0 0 0 
0 0 16050 0 0 0 32.569 0 0 0 
0 0 16100 0 0 0 39.3839 0 0 0 
0 0 16150 0 0 0 40.3021 0 0 0 
0 0 16200 0 0 0 40.3431 0 0 0 
0 0 16250 0 0 0 40.3313 0 0 0 
0 0 16300 0 0 0 40.3274 0 0 0 
0 0 16350 0 0 0 40.3223 0 0 0 
0 0 16400 0 0 0 40.3198 0 0 0 
0 0 16450 0 0 0 40.3185 0 0 0 
0 0 16500 0 0 0 40.3169 0 0 0 
0 0 16550 0 0 0 40.3153 0 0 0 
0 0 16600 0 0 0 40.3137 0 0 0 
0 0 16650 0 0 0 40.3117 0 0 0 
0 0 16700 0 0 0 40.3093 0 0 0 
0 0 16750 0 0 0 40.3064 0 0 0 
0 0 16800 0 0 0 40.3026 0 0 0 
0 0 16850 0 0 0 40.298 0 0 0 
0 0 16900 0 0 0 40.2926 0 0 0 
0 0 16950 0 0 0 40.2852 0 0 0 
0 0 17000 0 0 0 40.2758 0 0 0 
0 0 17050 0 0 0 40.2642 0 0 0 
0 0 17100 0 0 0 40.2485 0 0 0 
0 0 17150 0 0 0 40.2284 0 0 0 
0 0 17200 0 0 0 40.2052 0 0 0 
0 0 17250 0 0 0 40.1704 0 0 0 
0 0 17300 0 0 0 40.0909 0 0 0 
0 0 17350 0 0 0 39.7387 0 0 0 
0 0 17400 0 0 0 36.3062 0 0 0 
0 0 17450 0 0 0 22.2911 0 0 0 
0 0 17500 0 0 0 9.679 0 0 0 
0 0 17550 0 0 0 5.35988 0 0 0 
0 0 17600 0 0 0 3.83663 0 0 0 
0 0 17650 0 0 0 3.11764 0 0 0 
0 0 17700 0 0 0 2.57166 0 0 0 
0 0 17750 0 0 0 2.02625 0 0 0 
0 0 17800 0 0 0 1.53783 0 0 0 
0 0 17850 0 0 0 1.18922 0 0 0 
0 0 17900 0 0 0 0.987542 0 0 0 
0 0 17950 0 0 0 0.911537 0 0 0 
0 0 18000 0 0 0 0.948445 0 0 0 
0 0 18050 0 0 0 1.08933 0 0 0 
0 0 18100 0 0 0 1.29444 0 0 0 
0 0 18150 0 0 0 1.46348 0 0 0 
0 0 18200 0 0 0 1.50229 0 0 0 
0 0 18250 0 0 0 1.38613 0 0 0 
0 0 18300 0 0 0 1.15259 0 0 0 
0 0 18350 0 0 0 0.899825 0 0 0 
0 0 18400 0 0 0 0.713384 0 0 0 
0 0 18450 0 0 0 0.612567 0 0 0 
0 0 18500 0 0 0 0.591136 0 0 0 
0 0 18550 0 0 0 0.645495 0 0 0 
0 0 18600 0 0 0 0.772897 0 0 0 
0 0 18650 0 0 0 0.944464 0 0 0 
0 0 18700 0 0 0 1.08237 0 0 0 
0 0 18750 0 0 0 1.11298 0 0 0 
0 0 18800 0 0 0 1.01664 0 0 0 
0 0 18850 0 0 0 0.82218 0 0 0 
0 0 18900 0 0 0 0.605318 0 0 0 
0 0 18950 0 0 0 0.430531 0 0 0 
0 0 19000 0 0 0 0.308151 0 0 0 
0 0 19050 0 0 0 0.225697 0 0 0 
0 0 19100 0 0 0 0.170363 0 0 0 
0 0 19150 0 0 0 0.133094 0 0 0 
0 0 19200 0 0 0 0.107647 0 0 0 
0 0 19250 0 0 0 0.0892491 0 0 0 
0 0 19300 0 0 0 0.0745277 0 0 0 
0 0 19350 0 0 0 0.0616678 0 0 0 
0 0 19400 0 0 0 0.0500255 0 0 0 
0 0 19450 0 0 0 0.0399253 0 0 0 
0 0 19500 0 0 0 0.0317854 0 0 0 
0 0 19550 0 0 0 0.0254908 0 0 0 
0 0 19600 0 0 0 0.020724 0 0 0 
0 0 19650 0 0 0 0.017432 0 0 0 
0 0 19700 0 0 0 0.0153471 0 0 0 
0 0 19750 0 0 0 0.0135422 0 0 0 
0 0 19800 0 0 0 0.0098047 0 0 0 
0 0 19850 0 0 0 0.00184352 0 0 0 
0 0 19900 0 0 0 -0.0116209 0 0 0 
0 0 19950 0 0 0 -0.0311414 0 0 0 
0 0 20000 0 0 0 -0.0568337 0 0 18 
0 0 20050 0 0 0 -0.0901567 0 0 18 
0 0 20100 0 0 0 -0.135535 0 0 18 
0 0 20150 0 0 0 -0.200304 0 0 18 
0 0 20200 0 0 0 -0.294176 0 0 18 
0 0 20250 0 0 0 -0.423715 0 0 0 
0 0 20300 0 0 0 -0.573968 0 0 0 
0 0 20350 0 0 0 -0.693081 0 0 0 
0 0 20400 0 0 0 -0.730937 0 0 0 
0 0 20450 0 0 0 -0.675149 0 0 0 
0 0 20500 0 0 0 -0.547429 0 0 0 
0 0 20550 0 0 0 -0.4027 0 0 18 
0 0 20600 0 0 0 -0.287833 0 0 18 
0 0 20650 0 0 0 -0.211232 0 0 18 
0 0 20700 0 0 0 -0.16529 0 0 18 
0 0 20750 0 0 0 -0.142536 0 0 18 
0 0 20800 0 0 0 -0.13745 0 0 0 
0 0 20850 0 0 0 -0.142704 0 0 0 
0 0 20900 0 0 0 -0.145478 0 0 0 
0 0 20950 0 0 0 -0.133964 0 0 0 
0 0 21000 0 0 0 -0.103506 0 0 0 
0 0 21050 0 0 0 -0.0554461 0 0 0 
0 0 21100 0 0 0 0.00359452 0 0 18 
0 0 21150 0 0 0 0.0701133 0 0 18 
0 0 21200 0 0 0 0.150417 0 0 18 
0 0 21250 0 0 0 0.257708 0 0 18 
0 0 21300 0 0 0 0.408787 0 0 18 
0 0 21350 0 0 0 0.614965 0 0 0 
0 0 21400 0 0 0 0.851353 0 0 0 
0 0 21450 0 0 0 1.03149 0 0 0 
0 0 21500 0 0 0 1.07117 0 0 0 
0 0 21550 0 0 0 0.947744 0 0 0 
0 0 21600 0 0 0 0.693706 0 0 0 
0 0 21650 0 0 0 0.394533 0 0 18 
0 0 21700 0 0 0 0.119294 0 0 18 
0 0 21750 0 0 0 -0.131385 0 0 18 
0 0 21800 0 0 0 -0.390113 0 0 18 
0 0 21850 0 0 0 -0.696004 0 0 18 
0 0 21900 0 0 0 -1.07642 0 0 0 
0 0 21950 0 0 0 -1.50121 0 0 0 
0 0 22000 0 0 0 -1.84527 0 0 0 
0 0 22050 0 0 0 -1.98709 0 0 0 
0 0 22100 0 0 0 -1.90028 0 0 0 
0 0 22150 0 0 0 -1.64539 0 0 0 
0 0 22200 0 0 0 -1.36879 0 0 18 
0 0 22250 0 0 0 -1.20049 0 0 18 
0 0 22300 0 0 0 -1.17948 0 0 18 
0 0 22350 0 0 0 -1.31365 0 0 18 
0 0 22400 0 0 0 -1.62186 0 0 18 
0 0 22450 0 0 0 -2.12327 0 0 0 
0 0 22500 0 0 0 -2.77774 0 0 0 
0 0 22550 0 0 0 -3.44095 0 0 0 
0 0 22600 0 0 0 -4.0388 0 0 0 
0 0 22650 0 0 0 -4.80233 0 0 0 
0 0 22700 0 0 0 -6.60024 0 0 0 
0 0 22750 0 0 0 -12.2742 0 0 0 
0 0 22800 0 0 0 -27.0153 0 0 0 
0 0 22850 0 0 0 -38.0231 0 0 0 
0 0 22900 0 0 0 -40.0053 0 0 0 
0 0 22950 0 0 0 -40.2341 0 0 0 
0 0 23000 0 0 0 -40.251 0 0 0 
0 0 23050 0 0 0 -40.2655 0 0 0 
0 0 23100 0 0 0 -40.2776 0 0 0 
0 0 23150 0 0 0 -40.2856 0 0 0 
0 0 23200 0 0 0 -40.2928 0 0 0 
0 0 23250 0 0 0 -40.2987 0 0 0 
0 0 23300 0 0 0 -40.3032 0 0 0 
0 0 23350 0 0 0 -40.3068 0 0 0 
0 0 23400 0 0 0 -40.3097 0 0 0 
0 0 23450 0 0 0 -40.3118 0 0 0 
0 0 23500 0 0 0 -40.3135 0 0 0 
0 0 23550 0 0 0 -40.3146 0 0 0 
0 0 23600 0 0 0 -40.3152 0 0 0 
0 0 23650 0 0 0 -40.3155 0 0 0 
0 0 23700 0 0 0 -40.3154 0 0 0 
0 0 23750 0 0 0 -40.315 0 0 0 
0 0 23800 0 0 0 -40.3142 0 0 0 
0 0 23850 0 0 0 -40.3131 0 0 0 
0 0 23900 0 0 0 -40.3115 0 0 0 
0 0 23950 0 0 0 -40.3103 0 0 0 
0 0 24000 0 0 0 -40.3118 0 0 0 
0 0 24050 0 0 0 -40.3134 0 0 0 
0 0 24100 0 0 0 -40.2897 0 0 0 
0 0 24150 0 0 0 -39.9843 0 0 0 
0 0 24200 0 0 0 -36.6711 0 0 0 
0 0 24250 0 0 0 -22.8177 0 0 0 
0 0 24300 0 0 0 -10.4655 0 0 0 
0 0 24350 0 0 0 -6.41147 0 0 0 
0 0 24400 0 0 0 -5.10295 0 0 0 
0 0 24450 0 0 0 -4.45766 0 0 0 
0 0 24500 0 0 0 -3.81963 0 0 0 
0 0 24550 0 0 0 -3.05776 0 0 0 
0 0 24600 0 0 0 -2.32831 0 0 15 
0 0 24650 0 0 0 -1.79997 0 0 15 
0 0 24700 0 0 0 -1.49931 0 0 15 
0 0 24750 0 0 0 -1.39796 0 0 15 
0 0 24800 0 0 0 -1.47829 0 0 15 
0 0 24850 0 0 0 -1.72752 0 0 0 
0 0 24900 0 0 0 -2.0796 0 0 0 
0 0 24950 0 0 0 -2.3651 0 0 0 
0 0 25000 0 0 0 -2.42448 0 0 0 
0 0 25050 0 0 0 -2.21487 0 0 0 
0 0 25100 0 0 0 -1.79768 0 0 0 
0 0 25150 0 0 0 -1.3353 0 0 15 
0 0 25200 0 0 0 -0.966454 0 0 15 
0 0 25250 0 0 0 -0.714296 0 0 15 
0 0 25300 0 0 0 -0.553637 0 0 15 
0 0 25350 0 0 0 -0.459383 0 0 15 
0 0 25400 0 0 0 -0.413706 0 0 0 
0 0 25450 0 0 0 -0.399312 0 0 0 
0 0 25500 0 0 0 -0.392652 0 0 0 
0 0 25550 0 0 0 -0.37367 0 0 0 
0 0 25600 0 0 0 -0.335365 0 0 0 
0 0 25650 0 0 0 -0.282058 0 0 0 
0 0 25700 0 0 0 -0.228718 0 0 15 
0 0 25750 0 0 0 -0.188499 0 0 15 
0 0 25800 0 0 0 -0.163651 0 0 15 
0 0 25850 0 0 0 -0.152033 0 0 15 
0 0 25900 0 0 0 -0.151987 0 0 15 
0 0 25950 0 0 0 -0.162537 0 0 0 
0 0 26000 0 0 0 -0.181305 0 0 0 
0 0 26050 0 0 0 -0.202686 0 0 0 
0 0 26100 0 0 0 -0.222091 0 0 0 
0 0 26150 0 0 0 -0.240055 0 0 0 
0 0 26200 0 0 0 -0.262208 0 0 0 
0 0 26250 0 0 0 -0.299864 0 0 15 
0 0 26300 0 0 0 -0.366627 0 0 15 
0 0 26350 0 0 0 -0.476773 0 0 15 
0 0 26400 0 0 0 -0.649775 0 0 15 
0 0 26450 0 0 0 -0.911724 0 0 15 
0 0 26500 0 0 0 -1.28046 0 0 0 
0 0 26550 0 0 0 -1.71193 0 0 0 
0 0 26600 0 0 0 -2.05571 0 0 0 
0 0 26650 0 0 0 -2.16682 0 0 0 
0 0 26700 0 0 0 -2.00982 0 0 0 
0 0 26750 0 0 0 -1.64851 0 0 0 
0 0 26800 0 0 0 -1.24342 0 0 15 
0 0 26850 0 0 0 -0.93263 0 0 15 
0 0 26900 0 0 0 -0.744286 0 0 15 
0 0 26950 0 0 0 -0.662236 0 0 15 
0 0 27000 0 0 0 -0.672431 0 0 15 
0 0 27050 0 0 0 -0.764613 0 0 0 
0 0 27100 0 0 0 -0.906779 0 0 0 
0 0 27150 0 0 0 -1.02284 0 0 0 
0 0 27200 0 0 0 -1.04177 0 0 0 
0 0 27250 0 0 0 -0.943893 0 0 0 
0 0 27300 0 0 0 -0.755362 0 0 0 
0 0 27350 0 0 0 -0.546546 0 0 15 
0 0 27400 0 0 0 -0.377394 0 0 15 
0 0 27450 0 0 0 -0.257132 0 0 15 
0 0 27500 0 0 0 -0.17365 0 0 15 
0 0 27550 0 0 0 -0.11445 0 0 15 
0 0 27600 0 0 0 -0.070562 0 0 0 
0 0 27650 0 0 0 -0.0359398 0 0 0 
0 0 27700 0 0 0 -0.0064044 0 0 0 
0 0 27750 0 0 0 0.0212227 0 0 0 
0 0 27800 0 0 0 0.0496208 0 0 0 
0 0 27850 0 0 0 0.0816936 0 0 0 
0 0 27900 0 0 0 0.120996 0 0 15 
0 0 27950 0 0 0 0.172468 0 0 15 
0 0 28000 0 0 0 0.243396 0 0 15 
0 0 28050 0 0 0 0.3445 0 0 15 
0 0 28100 0 0 0 0.489844 0 0 15 
0 0 28150 0 0 0 0.689324 0 0 0 
0 0 28200 0 0 0 0.922058 0 0 0 
0 0 28250 0 0 0 1.11437 0 0 0 
0 0 28300 0 0 0 1.19562 0 0 0 
0 0 28350 0 0 0 1.15059 0 0 0 
0 0 28400 0 0 0 1.01444 0 0 0 
0 0 28450 0 0 0 0.872298 0 0 15 
0 0 28500 0 0 0 0.801021 0 0 15 
0 0 28550 0 0 0 0.82708 0 0 15 
0 0 28600 0 0 0 0.961351 0 0 15 
0 0 28650 0 0 0 1.22174 0 0 15 
0 0 28700 0 0 0 1.62061 0 0 0 
0 0 28750 0 0 0 2.10412 0 0 0 
0 0 28800 0 0 0 2.50137 0 0 0 
0 0 28850 0 0 0 2.64941 0 0 0 
0 0 28900 0 0 0 2.51038 0 0 0 
0 0 28950 0 0 0 2.15962 0 0 0 
0 0 29000 0 0 0 1.78398 0 0 15 
0 0 29050 0 0 0 1.54945 0 0 15 
0 0 29100 0 0 0 1.50503 0 0 15 
0 0 29150 0 0 0 1.65912 0 0 15 
0 0 29200 0 0 0 2.03354 0 0 15 
0 0 29250 0 0 0 2.64966 0 0 0 
0 0 29300 0 0 0 3.44744 0 0 0 
0 0 29350 0 0 0 4.22416 0 0 0 
0 0 29400 0 0 0 4.85249 0 0 0 
0 0 29450 0 0 0 5.54725 0 0 0 
0 0 29500 0 0 0 7.19389 0 0 0 
0 0 29550 0 0 0 12.7255 0 0 0 
0 0 29600 0 0 0 27.3598 0 0 0 
0 0 29650 0 0 0 38.3034 0 0 0 
0 0 29700 0 0 0 40.1401 0 0 0 
0 0 29750 0 0 0 40.3313 0 0 0 
0 0 29800 0 0 0 40.3259 0 0 0 
0 0 29850 0 0 0 40.3156 0 0 0 
0 0 29900 0 0 0 40.3114 0 0 0 
0 0 29950 0 0 0 40.307 0 0 0 
0 0 30000 0 0 0 40.3034 0 0 0 
0 0 30050 0 0 0 40.3 0 0 0 
0 0 30100 0 0 0 40.2959 0 0 0 
0 0 30150 0 0 0 40.2908 0 0 0 
0 0 30200 0 0 0 40.2847 0 0 0 
0 0 30250 0 0 0 40.2768 0 0 0 
0 0 30300 0 0 0 40.2666 0 0 0 
0 0 30350 0 0 0 40.2538 0 0 0 
0 0 30400 0 0 0 40.2372 0 0 0 
0 0 30450 0 0 0 40.2153 0 0 0 
0 0 30500 0 0 0 40.1851 0 0 0 
0 0 30550 0 0 0 40.1463 0 0 0 
0 0 30600 0 0 0 39.9885 0 0 0 
0 0 30650 0 0 0 38.9801 0 0 0 
0 0 30700 0 0 0 31.4672 0 0 0 
0 0 30750 0 0 0 15.3685 0 0 0 
0 0 30800 0 0 0 7.18233 0 0 0 
0 0 30850 0 0 0 4.48168 0 0 0 
0 0 30900 0 0 0 3.45479 0 0 0 
0 0 30950 0 0 0 2.85169 0 0 0 
0 0 31000 0 0 0 2.31432 0 0 0 
0 0 31050 0 0 0 1.79451 0 0 0 
0 0 31100 0 0 0 1.37002 0 0 10 
0 0 31150 0 0 0 1.08916 0 0 10 
0 0 31200 0 0 0 0.944964 0 0 10 
0 0 31250 0 0 0 0.920058 0 0 10 
0 0 31300 0 0 0 1.00525 0 0 10 
0 0 31350 0 0 0 1.18055 0 0 0 
0 0 31400 0 0 0 1.37547 0 0 0 
0 0 31450 0 0 0 1.48844 0 0 0 
0 0 31500 0 0 0 1.45683 0 0 0 
0 0 31550 0 0 0 1.283 0 0 0 
0 0 31600 0 0 0 1.03573 0 0 0 
0 0 31650 0 0 0 0.811293 0 0 10 
0 0 31700 0 0 0 0.663408 0 0 10 
0 0 31750 0 0 0 0.598191 0 0 10 
0 0 31800 0 0 0 0.610542 0 0 10 
0 0 31850 0 0 0 0.698691 0 0 10 
0 0 31900 0 0 0 0.850104 0 0 0 
0 0 31950 0 0 0 1.01119 0 0 0 
0 0 32000 0 0 0 1.10278 0 0 0 
0 0 32050 0 0 0 1.07572 0 0 0 
0 0 32100 0 0 0 0.931491 0 0 0 
0 0 32150 0 0 0 0.723105 0 0 0 
0 0 32200 0 0 0 0.5242 0 0 10 
0 0 32250 0 0 0 0.373467 0 0 10 
0 0 32300 0 0 0 0.26963 0 0 10 
0 0 32350 0 0 0 0.199802 0 0 10 
0 0 32400 0 0 0 0.152896 0 0 10 
0 0 32450 0 0 0 0.121192 0 0 0 
0 0 32500 0 0 0 0.0991076 0 0 0 
0 0 32550 0 0 0 0.0824806 0 0 0 
0 0 32600 0 0 0 0.0686611 0 0 0 
0 0 32650 0 0 0 0.0563501 0 0 0 
0 0 32700 0 0 0 0.0453909 0 0 0 
0 0 32750 0 0 0 0.0361658 0 0 10 
0 0 32800 0 0 0 0.0288851 0 0 10 
0 0 32850 0 0 0 0.0233264 0 0 10 
0 0 32900 0 0 0 0.0192765 0 0 10 
0 0 32950 0 0 0 0.0165868 0 0 10 
0 0 33000 0 0 0 0.0147712 0 0 0 
0 0 33050 0 0 0 0.0122635 0 0 0 
0 0 33100 0 0 0 0.00674481 0 0 0 
0 0 33150 0 0 0 -0.00360575 0 0 0 
0 0 33200 0 0 0 -0.0197444 0 0 0 
0 0 33250 0 0 0 -0.0419284 0 0 0 
0 0 33300 0 0 0 -0.0707688 0 0 5 
0 0 33350 0 0 0 -0.109045 0 0 5 
0 0 33400 0 0 0 -0.162505 0 0 5 
0 0 33450 0 0 0 -0.239727 0 0 5 
0 0 33500 0 0 0 -0.349996 0 0 5 
0 0 33550 0 0 0 -0.491585 0 0 0 
0 0 33600 0 0 0 -0.630988 0 0 0 
0 0 33650 0 0 0 -0.714805 0 0 0 
0 0 33700 0 0 0 -0.709932 0 0 0 
0 0 33750 0 0 0 -0.619007 0 0 0 
0 0 33800 0 0 0 -0.48079 0 0 0 
0 0 33850 0 0 0 -0.348704 0 0 5 
0 0 33900 0 0 0 -0.251259 0 0 5 
0 0 33950 0 0 0 -0.18872 0 0 5 
0 0 34000 0 0 0 -0.153375 0 0 5 
0 0 34050 0 0 0 -0.13881 0 0 5 
0 0 34100 0 0 0 -0.138998 0 0 0 
0 0 34150 0 0 0 -0.143808 0 0 0 
0 0 34200 0 0 0 -0.140471 0 0 0 
0 0 34250 0 0 0 -0.120414 0 0 0 
0 0 34300 0 0 0 -0.0816826 0 0 0 
0 0 34350 0 0 0 -0.0284128 0 0 0 
0 0 34400 0 0 0 0.0337795 0 0 5 
0 0 34450 0 0 0 0.1058 0 0 5 
0 0 34500 0 0 0 0.197227 0 0 5 
0 0 34550 0 0 0 0.323227 0 0 5 
0 0 34600 0 0 0 0.499819 0 0 5 
0 0 34650 0 0 0 0.724285 0 0 0 
0 0 34700 0 0 0 0.940819 0 0 0 
0 0 34750 0 0 0 1.06013 0 0 0 
0 0 34800 0 0 0 1.02589 0 0 0 
0 0 34850 0 0 0 0.839602 0 0 0 
0 0 34900 0 0 0 0.561236 0 0 0 
0 0 34950 0 0 0 0.27264 0 0 5 
0 0 35000 0 0 0 0.0102217 0 0 5 
0 0 35050 0 0 0 -0.241703 0 0 5 
0 0 35100 0 0 0 -0.519435 0 0 5 
0 0 35150 0 0 0 -0.859288 0 0 5 
0 0 35200 0 0 0 -1.26613 0 0 0 
0 0 35250 0 0 0 -1.66221 0 0 0 
0 0 35300 0 0 0 -1.91805 0 0 0 
0 0 35350 0 0 0 -1.95513 0 0 0 
0 0 35400 0 0 0 -1.78504 0 0 0 
0 0 35450 0 0 0 -1.51228 0 0 0 
0 0 35500 0 0 0 -1.28095 0 0 5 
0 0 35550 0 0 0 -1.17737 0 0 5 
0 0 35600 0 0 0 -1.22404 0 0 5 
0 0 35650 0 0 0 -1.43324 0 0 5 
0 0 35700 0 0 0 -1.82763 0 0 5 
0 0 35750 0 0 0 -2.40364 0 0 0 
0 0 35800 0 0 0 -3.06384 0 0 0 
0 0 35850 0 0 0 -3.68111 0 0 0 
0 0 35900 0 0 0 -4.29637 0 0 0 
0 0 35950 0 0 0 -5.36107 0 0 0 
0 0 36000 0 0 0 -8.32328 0 0 0 
0 0 36050 0 0 0 -17.6589 0 0 0 
0 0 36100 0 0 0 -33.603 0 0 0 
0 0 36150 0 0 0 -39.4219 0 0 0 
0 0 36200 0 0 0 -40.1413 0 0 0 
0 0 36250 0 0 0 -40.2383 0 0 0 
0 0 36300 0 0 0 -40.2475 0 0 0 
0 0 36350 0 0 0 -40.2548 0 0 0 
0 0 36400 0 0 0 -40.2645 0 0 0 
0 0 36450 0 0 0 -40.2702 0 0 0 
0 0 36500 0 0 0 -40.2753 0 0 0 
0 0 36550 0 0 0 -40.282 0 0 0 
0 0 36600 0 0 0 -40.2837 0 0 0 
0 0 36650 0 0 0 -40.2838 0 0 0 
0 0 36700 0 0 0 -40.223 0 0 0 
0 0 36750 0 0 0 -39.1693 0 0 0 
0 0 36800 0 0 0 -31.5713 0 0 0 
0 0 36850 0 0 0 -15.5821 0 0 0 
0 0 36900 0 0 0 -7.96828 0 0 0 
0 0 36950 0 0 0 -5.59 0 0 0 
0 0 37000 0 0 0 -4.73495 0 0 0 
0 0 37050 0 0 0 -4.13321 0 0 0 
0 0 37100 0 0 0 -3.43926 0 0 0 
0 0 37150 0 0 0 -2.68694 0 0 0 
0 0 37200 0 0 0 -2.05398 0 0 20 
0 0 37250 0 0 0 -1.63686 0 0 20 
0 0 37300 0 0 0 -1.43275 0 0 20 
0 0 37350 0 0 0 -1.41883 0 0 20 
0 0 37400 0 0 0 -1.58284 0 0 20 
0 0 37450 0 0 0 -1.89132 0 0 0 
0 0 37500 0 0 0 -2.22267 0 0 0 
0 0 37550 0 0 0 -2.4048 0 0 0 
0 0 37600 0 0 0 -2.33436 0 0 0 
0 0 37650 0 0 0 -2.01706 0 0 0 
0 0 37700 0 0 0 -1.56962 0 0 0 
0 0 37750 0 0 0 -1.15003 0 0 20 
0 0 37800 0 0 0 -0.838148 0 0 20 
0 0 37850 0 0 0 -0.631067 0 0 20 
0 0 37900 0 0 0 -0.503121 0 0 20 
0 0 37950 0 0 0 -0.433023 0 0 20 
0 0 38000 0 0 0 -0.403788 0 0 0 
0 0 38050 0 0 0 -0.394497 0 0 0 
0 0 38100 0 0 0 -0.382643 0 0 0 
0 0 38150 0 0 0 -0.354478 0 0 0 
0 0 38200 0 0 0 -0.308304 0 0 0 
0 0 38250 0 0 0 -0.254232 0 0 0 
0 0 38300 0 0 0 -0.207048 0 0 20 
0 0 38350 0 0 0 -0.174326 0 0 20 
0 0 38400 0 0 0 -0.155935 0 0 20 
0 0 38450 0 0 0 -0.149941 0 0 20 
0 0 38500 0 0 0 -0.155115 0 0 20 
0 0 38550 0 0 0 -0.17001 0 0 0 
0 0 38600 0 0 0 -0.190405 0 0 0 
0 0 38650 0 0 0 -0.210931 0 0 0 
0 0 38700 0 0 0 -0.229458 0 0 0 
0 0 38750 0 0 0 -0.248825 0 0 0 
0 0 38800 0 0 0 -0.277582 0 0 0 
0 0 38850 0 0 0 -0.328278 0 0 20 
0 0 38900 0 0 0 -0.414554 0 0 20 
0 0 38950 0 0 0 -0.552971 0 0 20 
0 0 39000 0 0 0 -0.766705 0 0 20 
0 0 39050 0 0 0 -1.081 0 0 20 
0 0 39100 0 0 0 -1.48837 0 0 0 
0 0 39150 0 0 0 -1.88778 0 0 0 
0 0 39200 0 0 0 -2.12423 0 0 0 
0 0 39250 0 0 0 -2.10546 0 0 0 
0 0 39300 0 0 0 -1.84217 0 0 0 
0 0 39350 0 0 0 -1.45112 0 0 0 
0 0 39400 0 0 0 -1.0887 0 0 0 
0 0 39450 0 0 0 -0.836917 0 0 0 
0 0 39500 0 0 0 -0.699847 0 0 0 
0 0 39550 0 0 0 -0.662012 0 0 0 
0 0 39600 0 0 0 -0.712611 0 0 0 
0 0 39650 0 0 0 -0.833012 0 0 0 
0 0 39700 0 0 0 -0.967457 0 0 0 
0 0 39750 0 0 0 -1.03907 0 0 0 
0 0 39800 0 0 0 -1.00153 0 0 0 
0 0 39850 0 0 0 -0.856571 0 0 0 
0 0 39900 0 0 0 -0.654533 0 0 0 
0 0 39950 0 0 0 -0.463832 0 0 0 
0 0 40000 0 0 0 -0.318614 0 0 0 
0 0 40050 0 0 0 -0.216608 0 0 0 
0 0 40100 0 0 0 -0.145242 0 0 0 
0 0 40150 0 0 0 -0.0937309 0 0 0 
0 0 40200 0 0 0 -0.0545551 0 0 0 
0 0 40250 0 0 0 -0.0226022 0 0 0 
0 0 40300 0 0 0 0.00577781 0 0 0 
0 0 40350 0 0 0 0.0334602 0 0 0 
0 0 40400 0 0 0 0.063314 0 0 0 
0 0 40450 0 0 0 0.0984455 0 0 0 
0 0 40500 0 0 0 0.143011 0 0 0 
0 0 40550 0 0 0 0.202991 0 0 0 
0 0 40600 0 0 0 0.287262 0 0 0 
0 0 40650 0 0 0 0.408422 0 0 0 
0 0 40700 0 0 0 0.58008 0 0 0 
0 0 40750 0 0 0 0.799529 0 0 0 
0 0 40800 0 0 0 1.01757 0 0 0 
0 0 40850 0 0 0 1.15843 0 0 0 
0 0 40900 0 0 0 1.17801 0 0 0 
0 0 40950 0 0 0 1.08459 0 0 0 
0 0 41000 0 0 0 0.940452 0 0 0 
0 0 41050 0 0 0 0.829951 0 0 0 
0 0 41100 0 0 0 0.803976 0 0 0 
0 0 41150 0 0 0 0.879978 0 0 0 
0 0 41200 0 0 0 1.07254 0 0 0 
0 0 41250 0 0 0 1.40042 0 0 0 
0 0 41300 0 0 0 1.84909 0 0 0 
0 0 41350 0 0 0 2.30187 0 0 0 
0 0 41400 0 0 0 2.58378 0 0 0 
0 0 41450 0 0 0 2.59189 0 0 0 
0 0 41500 0 0 0 2.3409 0 0 0 
0 0 41550 0 0 0 1.96693 0 0 0 
0 0 41600 0 0 0 1.65414 0 0 0 
0 0 41650 0 0 0 1.50823 0 0 0 
0 0 41700 0 0 0 1.55563 0 0 0 
0 0 41750 0 0 0 1.8108 0 0 0 
0 0 41800 0 0 0 2.29986 0 0 0 
0 0 41850 0 0 0 3.0115 0 0 0 
0 0 41900 0 0 0 3.80505 0 0 0 
0 0 41950 0 0 0 4.49378 0 0 0 
0 0 42000 0 0 0 5.09066 0 0 0 
0 0 42050 0 0 0 6.0789 0 0 0 
0 0 42100 0 0 0 8.9806 0 0 0 
0 0 42150 0 0 0 18.4231 0 0 0 
0 0 42200 0 0 0 34.2808 0 0 0 
0 0 42250 0 0 0 39.6423 0 0 0 
0 0 42300 0 0 0 40.2557 0 0 0 
0 0 42350 0 0 0 40.2805 0 0 0 
0 0 42400 0 0 0 40.264 0 0 0 
0 0 42450 0 0 0 40.2392 0 0 0 
0 0 42500 0 0 0 40.2156 0 0 0 
0 0 42550 0 0 0 40.19 0 0 0 
0 0 42600 0 0 0 40.1481 0 0 0 
0 0 42650 0 0 0 40.0456 0 0 0 
0 0 42700 0 0 0 39.4506 0 0 0 
0 0 42750 0 0 0 34.7086 0 0 0 
0 0 42800 0 0 0 19.234 0 0 0 
0 0 42850 0 0 0 8.52104 0 0 0 
0 0 42900 0 0 0 4.93496 0 0 0 
0 0 42950 0 0 0 3.64929 0 0 0 
0 0 43000 0 0 0 2.99384 0 0 0 
0 0 43050 0 0 0 2.45395 0 0 0 
0 0 43100 0 0 0 1.92204 0 0 0 
0 0 43150 0 0 0 1.46129 0 0 15 
0 0 43200 0 0 0 1.14181 0 0 15 
0 0 43250 0 0 0 0.964523 0 0 15 
0 0 43300 0 0 0 0.910239 0 0 15 
0 0 43350 0 0 0 0.967633 0 0 15 
0 0 43400 0 0 0 1.12315 0 0 0 
0 0 43450 0 0 0 1.32431 0 0 0 
0 0 43500 0 0 0 1.47036 0 0 0 
0 0 43550 0 0 0 1.48002 0 0 0 
0 0 43600 0 0 0 1.34003 0 0 0 
0 0 43650 0 0 0 1.10095 0 0 0 
0 0 43700 0 0 0 0.860176 0 0 15 
0 0 43750 0 0 0 0.689968 0 0 15 
0 0 43800 0 0 0 0.604141 0 0 15 
0 0 43850 0 0 0 0.596924 0 0 15 
0 0 43900 0 0 0 0.665504 0 0 15 
0 0 43950 0 0 0 0.802979 0 0 0 
0 0 44000 0 0 0 0.970299 0 0 0 
0 0 44050 0 0 0 1.08901 0 0 0 
0 0 44100 0 0 0 1.09575 0 0 0 
0 0 44150 0 0 0 0.979549 0 0 0 
0 0 44200 0 0 0 0.779379 0 0 0 
0 0 44250 0 0 0 0.570113 0 0 15 
0 0 44300 0 0 0 0.405435 0 0 15 
0 0 44350 0 0 0 0.290864 0 0 15 
0 0 44400 0 0 0 0.213746 0 0 15 
0 0 44450 0 0 0 0.161998 0 0 15 
0 0 44500 0 0 0 0.127094 0 0 0 
0 0 44550 0 0 0 0.103115 0 0 0 
0 0 44600 0 0 0 0.0855194 0 0 0 
0 0 44650 0 0 0 0.0712911 0 0 0 
0 0 44700 0 0 0 0.0587187 0 0 0 
0 0 44750 0 0 0 0.0474178 0 0 0 
0 0 44800 0 0 0 0.0377484 0 0 15 
0 0 44850 0 0 0 0.0300202 0 0 15 
0 0 44900 0 0 0 0.0240847 0 0 15 
0 0 44950 0 0 0 0.0196995 0 0 15 
0 0 45000 0 0 0 0.016709 0 0 15 
0 0 45050 0 0 0 0.0147863 0 0 0 
0 0 45100 0 0 0 0.0127376 0 0 0 
0 0 45150 0 0 0 0.00830615 0 0 0 
0 0 45200 0 0 0 -0.000598084 0 0 0 
0 0 45250 0 0 0 -0.0151295 0 0 0 
0 0 45300 0 0 0 -0.0357129 0 0 0 
0 0 45350 0 0 0 -0.0626701 0 0 0 
0 0 45400 0 0 0 -0.0980103 0 0 0 
0 0 45450 0 0 0 -0.14671 0 0 0 
0 0 45500 0 0 0 -0.216639 0 0 0 
0 0 45550 0 0 0 -0.317295 0 0 0 
0 0 45600 0 0 0 -0.451778 0 0 0 
0 0 45650 0 0 0 -0.597458 0 0 0 
0 0 45700 0 0 0 -0.701809 0 0 0 
0 0 45750 0 0 0 -0.721825 0 0 0 
0 0 45800 0 0 0 -0.651339 0 0 0 
0 0 45850 0 0 0 -0.519188 0 0 0 
0 0 45900 0 0 0 -0.379683 0 0 0 
0 0 45950 0 0 0 -0.272018 0 0 0 
0 0 46000 0 0 0 -0.201217 0 0 0 
0 0 46050 0 0 0 -0.159644 0 0 0 
0 0 46100 0 0 0 -0.140238 0 0 0 
0 0 46150 0 0 0 -0.137218 0 0 0 
0 0 46200 0 0 0 -0.142215 0 0 0 
0 0 46250 0 0 0 -0.142367 0 0 0 
0 0 46300 0 0 0 -0.12717 0 0 0 
0 0 46350 0 0 0 -0.0931819 0 0 0 
0 0 46400 0 0 0 -0.0428652 0 0 0 
0 0 46450 0 0 0 0.0175523 0 0 0 
0 0 46500 0 0 0 0.086458 0 0 0 
0 0 46550 0 0 0 0.171497 0 0 0 
0 0 46600 0 0 0 0.286675 0 0 0 
0 0 46650 0 0 0 0.448498 0 0 0 
0 0 46700 0 0 0 0.66251 0 0 0 
0 0 46750 0 0 0 0.890752 0 0 0 
0 0 46800 0 0 0 1.04568 0 0 0 
0 0 46850 0 0 0 1.05472 0 0 0 
0 0 46900 0 0 0 0.905249 0 0 0 
0 0 46950 0 0 0 0.641263 0 0 0 
0 0 47000 0 0 0 0.346641 0 0 0 
0 0 47050 0 0 0 0.0769412 0 0 0 
0 0 47100 0 0 0 -0.174049 0 0 0 
0 0 47150 0 0 0 -0.440405 0 0 0 
0 0 47200 0 0 0 -0.760201 0 0 0 
0 0 47250 0 0 0 -1.15138 0 0 0 
0 0 47300 0 0 0 -1.56389 0 0 0 
0 0 47350 0 0 0 -1.87085 0 0 0 
0 0 47400 0 0 0 -1.96865 0 0 0 
0 0 47450 0 0 0 -1.84673 0 0 0 
0 0 47500 0 0 0 -1.58388 0 0 0 
0 0 47550 0 0 0 -1.32573 0 0 0 
0 0 47600 0 0 0 -1.18383 0 0 0 
0 0 47650 0 0 0 -1.1903 0 0 0 
0 0 47700 0 0 0 -1.35516 0 0 0 
0 0 47750 0 0 0 -1.69804 0 0 0 
0 0 47800 0 0 0 -2.22913 0 0 0 
0 0 47850 0 0 0 -2.8837 0 0 0 
0 0 47900 0 0 0 -3.52432 0 0 0 
0 0 47950 0 0 0 -4.11925 0 0 0 
0 0 48000 0 0 0 -4.98463 0 0 0 
0 0 48050 0 0 0 -7.23026 0 0 0 
0 0 48100 0 0 0 -14.1805 0 0 0 
0 0 48150 0 0 0 -29.9557 0 0 0 
0 0 48200 0 0 0 -38.6983 0 0 0 
0 0 48250 0 0 0 -40.0709 0 0 0 
0 0 48300 0 0 0 -40.2096 0 0 0 
0 0 48350 0 0 0 -40.2272 0 0 0 
0 0 48400 0 0 0 -40.2301 0 0 0 
0 0 48450 0 0 0 -39.9945 0 0 0 
0 0 48500 0 0 0 -37.5955 0 0 0 
0 0 48550 0 0 0 -25.3269 0 0 0 
0 0 48600 0 0 0 -11.5852 0 0 0 
0 0 48650 0 0 0 -6.72895 0 0 0 
0 0 48700 0 0 0 -5.20537 0 0 0 
0 0 48750 0 0 0 -4.53756 0 0 0 
0 0 48800 0 0 0 -3.91021 0 0 0 
0 0 48850 0 0 0 -3.15021 0 0 0 
0 0 48900 0 0 0 -2.39636 0 0 0 
0 0 48950 0 0 0 -1.83637 0 0 15 
0 0 49000 0 0 0 -1.50685 0 0 15 
0 0 49050 0 0 0 -1.37992 0 0 15 
0 0 49100 0 0 0 -1.43582 0 0 15 
0 0 49150 0 0 0 -1.66703 0 0 15 
0 0 49200 0 0 0 -2.02321 0 0 0 
0 0 49250 0 0 0 -2.33775 0 0 0 
0 0 49300 0 0 0 -2.4365 0 0 0 
0 0 49350 0 0 0 -2.26138 0 0 0 
0 0 49400 0 0 0 -1.85725 0 0 0 
0 0 49450 0 0 0 -1.38544 0 0 0 
0 0 49500 0 0 0 -1.00047 0 0 15 
0 0 49550 0 0 0 -0.734542 0 0 15 
0 0 49600 0 0 0 -0.563861 0 0 15 
0 0 49650 0 0 0 -0.462319 0 0 15 
0 0 49700 0 0 0 -0.411715 0 0 15 
0 0 49750 0 0 0 -0.395666 0 0 0 
0 0 49800 0 0 0 -0.390531 0 0 0 
0 0 49850 0 0 0 -0.374499 0 0 0 
0 0 49900 0 0 0 -0.33894 0 0 0 
0 0 49950 0 0 0 -0.286429 0 0 0 
0 0 50000 0 0 0 -0.231748 0 0 0 
0 0 50050 0 0 0 -0.189583 0 0 15 
0 0 50100 0 0 0 -0.16291 0 0 15 
0 0 50150 0 0 0 -0.14975 0 0 15 
0 0 50200 0 0 0 -0.148291 0 0 15 
0 0 50250 0 0 0 -0.157695 0 0 15 
0 0 50300 0 0 0 -0.176032 0 0 0 
0 0 50350 0 0 0 -0.197739 0 0 0 
0 0 50400 0 0 0 -0.217576 0 0 0 
0 0 50450 0 0 0 -0.235357 0 0 0 
0 0 50500 0 0 0 -0.255852 0 0 0 
0 0 50550 0 0 0 -0.289932 0 0 0 
0 0 50600 0 0 0 -0.351174 0 0 15 
0 0 50650 0 0 0 -0.453181 0 0 15 
0 0 50700 0 0 0 -0.61439 0 0 15 
0 0 50750 0 0 0 -0.860964 0 0 15 
0 0 50800 0 0 0 -1.21747 0 0 15 
0 0 50850 0 0 0 -1.65594 0 0 0 
0 0 50900 0 0 0 -2.02949 0 0 0 
0 0 50950 0 0 0 -2.17938 0 0 0 
0 0 51000 0 0 0 -2.05587 0 0 0 
0 0 51050 0 0 0 -1.70687 0 0 0 
0 0 51100 0 0 0 -1.29183 0 0 0 
0 0 51150 0 0 0 -0.96384 0 0 0 
0 0 51200 0 0 0 -0.759634 0 0 0 
0 0 51250 0 0 0 -0.663905 0 0 0 
0 0 51300 0 0 0 -0.661717 0 0 0 
0 0 51350 0 0 0 -0.744856 0 0 0 
0 0 51400 0 0 0 -0.888002 0 0 0 
0 0 51450 0 0 0 -1.01621 0 0 0 
0 0 51500 0 0 0 -1.05197 0 0 0 
0 0 51550 0 0 0 -0.968939 0 0 0 
0 0 51600 0 0 0 -0.786008 0 0 0 
0 0 51650 0 0 0 -0.573068 0 0 0 
0 0 51700 0 0 0 -0.396963 0 0 0 
0 0 51750 0 0 0 -0.271036 0 0 0 
0 0 51800 0 0 0 -0.183724 0 0 0 
0 0 51850 0 0 0 -0.122116 0 0 0 
0 0 51900 0 0 0 -0.0768432 0 0 0 
0 0 51950 0 0 0 -0.0414543 0 0 0 
0 0 52000 0 0 0 -0.0116423 0 0 0 
0 0 52050 0 0 0 0.0158188 0 0 0 
0 0 52100 0 0 0 0.0436739 0 0 0 
0 0 52150 0 0 0 0.0747169 0 0 0 
0 0 52200 0 0 0 0.112332 0 0 0 
0 0 52250 0 0 0 0.161159 0 0 0 
0 0 52300 0 0 0 0.228016 0 0 0 
0 0 52350 0 0 0 0.32307 0 0 0 
0 0 52400 0 0 0 0.460422 0 0 0 
0 0 52450 0 0 0 0.653248 0 0 0 
0 0 52500 0 0 0 0.888786 0 0 0 
0 0 52550 0 0 0 1.09501 0 0 0 
0 0 52600 0 0 0 1.19439 0 0 0 
0 0 52650 0 0 0 1.16435 0 0 0 
0 0 52700 0 0 0 1.03191 0 0 0 
0 0 52750 0 0 0 0.881361 0 0 0 
0 0 52800 0 0 0 0.79642 0 0 0 
0 0 52850 0 0 0 0.807007 0 0 0 
0 0 52900 0 0 0 0.923248 0 0 0 
0 0 52950 0 0 0 1.16286 0 0 0 
0 0 53000 0 0 0 1.5452 0 0 0 
0 0 53050 0 0 0 2.03405 0 0 0 
0 0 53100 0 0 0 2.46223 0 0 0 
0 0 53150 0 0 0 2.65119 0 0 0 
0 0 53200 0 0 0 2.54647 0 0 0 
0 0 53250 0 0 0 2.20534 0 0 0 
0 0 53300 0 0 0 1.81286 0 0 0 
0 0 53350 0 0 0 1.55095 0 0 0 
0 0 53400 0 0 0 1.477 0 0 0 
0 0 53450 0 0 0 1.59919 0 0 0 
0 0 53500 0 0 0 1.93702 0 0 0 
0 0 53550 0 0 0 2.5213 0 0 0 
0 0 53600 0 0 0 3.31486 0 0 0 
0 0 53650 0 0 0 4.11453 0 0 0 
0 0 53700 0 0 0 4.75768 0 0 0 
0 0 53750 0 0 0 5.39719 0 0 0 
0 0 53800 0 0 0 6.80543 0 0 0 
0 0 53850 0 0 0 11.3826 0 0 0 
0 0 53900 0 0 0 24.765 0 0 0 
0 0 53950 0 0 0 37.5118 0 0 0 
0 0 54000 0 0 0 39.982 0 0 0 
0 0 54050 0 0 0 40.2088 0 0 0 
0 0 54100 0 0 0 40.2022 0 0 0 
0 0 54150 0 0 0 40.1512 0 0 0 
0 0 54200 0 0 0 40.0388 0 0 0 
0 0 54250 0 0 0 39.391 0 0 0 
0 0 54300 0 0 0 34.2431 0 0 0 
0 0 54350 0 0 0 18.4612 0 0 0 
0 0 54400 0 0 0 8.23967 0 0 0 
0 0 54450 0 0 0 4.84751 0 0 0 
0 0 54500 0 0 0 3.60526 0 0 0 
0 0 54550 0 0 0 2.96344 0 0 0 
0 0 54600 0 0 0 2.42468 0 0 0 
0 0 54650 0 0 0 1.89563 0 0 0 
0 0 54700 0 0 0 1.44166 0 0 15 
0 0 54750 0 0 0 1.1294 0 0 15 
0 0 54800 0 0 0 0.958277 0 0 15 
0 0 54850 0 0 0 0.909381 0 0 15 
0 0 54900 0 0 0 0.971966 0 0 15 
0 0 54950 0 0 0 1.13117 0 0 0 
0 0 55000 0 0 0 1.33146 0 0 0 
0 0 55050 0 0 0 1.47166 0 0 0 
0 0 55100 0 0 0 1.4741 0 0 0 
0 0 55150 0 0 0 1.32823 0 0 0 
0 0 55200 0 0 0 1.08783 0 0 0 
0 0 55250 0 0 0 0.850081 0 0 15 
0 0 55300 0 0 0 0.683957 0 0 15 
0 0 55350 0 0 0 0.601983 0 0 15 
0 0 55400 0 0 0 0.598328 0 0 15 
0 0 55450 0 0 0 0.670484 0 0 15 
0 0 55500 0 0 0 0.810574 0 0 0 
0 0 55550 0 0 0 0.97689 0 0 0 
0 0 55600 0 0 0 1.09085 0 0 0 
0 0 55650 0 0 0 1.09157 0 0 0 
0 0 55700 0 0 0 0.97045 0 0 0 
0 0 55750 0 0 0 0.768886 0 0 0 
0 0 55800 0 0 0 0.561543 0 0 15 
0 0 55850 0 0 0 0.399496 0 0 15 
0 0 55900 0 0 0 0.286898 0 0 15 
0 0 55950 0 0 0 0.211138 0 0 15 
0 0 56000 0 0 0 0.160311 0 0 15 
0 0 56050 0 0 0 0.126055 0 0 0 
0 0 56100 0 0 0 0.10247 0 0 0 
0 0 56150 0 0 0 0.0851027 0 0 0 
0 0 56200 0 0 0 0.0709541 0 0 0 
0 0 56250 0 0 0 0.058484 0 0 0 
0 0 56300 0 0 0 0.0472995 0 0 0 
0 0 56350 0 0 0 0.0377691 0 0 15 
0 0 56400 0 0 0 0.0302334 0 0 15 
0 0 56450 0 0 0 0.0244197 0 0 15 
0 0 56500 0 0 0 0.0201494 0 0 15 
0 0 56550 0 0 0 0.0172685 0 0 15 
0 0 56600 0 0 0 0.0154216 0 0 0 
0 0 56650 0 0 0 0.013349 0 0 0 
0 0 56700 0 0 0 0.00878298 0 0 0 
0 0 56750 0 0 0 -0.000323315 0 0 0 
0 0 56800 0 0 0 -0.0150787 0 0 0 
0 0 56850 0 0 0 -0.035883 0 0 0 
0 0 56900 0 0 0 -0.0631093 0 0 0 
0 0 56950 0 0 0 -0.0988983 0 0 0 
0 0 57000 0 0 0 -0.148374 0 0 0 
0 0 57050 0 0 0 -0.219528 0 0 0 
0 0 57100 0 0 0 -0.321819 0 0 0 
0 0 57150 0 0 0 -0.457511 0 0 0 
0 0 57200 0 0 0 -0.60199 0 0 0 
0 0 57250 0 0 0 -0.702597 0 0 0 
0 0 57300 0 0 0 -0.718101 0 0 0 
0 0 57350 0 0 0 -0.643878 0 0 0 
0 0 57400 0 0 0 -0.510546 0 0 0 
0 0 57450 0 0 0 -0.372257 0 0 0 
0 0 57500 0 0 0 -0.266296 0 0 0 
0 0 57550 0 0 0 -0.196844 0 0 0 
0 0 57600 0 0 0 -0.156251 0 0 0 
0 0 57650 0 0 0 -0.137569 0 0 0 
0 0 57700 0 0 0 -0.135026 0 0 0 
0 0 57750 0 0 0 -0.139833 0 0 0 
0 0 57800 0 0 0 -0.139198 0 0 0 
0 0 57850 0 0 0 -0.123006 0 0 0 
0 0 57900 0 0 0 -0.0879801 0 0 0 
0 0 57950 0 0 0 -0.0369288 0 0 0 
0 0 58000 0 0 0 0.0240179 0 0 0 
0 0 58050 0 0 0 0.0937762 0 0 0 
0 0 58100 0 0 0 0.180215 0 0 0 
0 0 58150 0 0 0 0.297604 0 0 0 
0 0 58200 0 0 0 0.462366 0 0 0 
0 0 58250 0 0 0 0.678501 0 0 0 
0 0 58300 0 0 0 0.905025 0 0 0 
0 0 58350 0 0 0 1.05401 0 0 0 
0 0 58400 0 0 0 1.05577 0 0 0 
0 0 58450 0 0 0 0.900233 0 0 0 
0 0 58500 0 0 0 0.634208 0 0 0 
0 0 58550 0 0 0 0.341242 0 0 0 
0 0 58600 0 0 0 0.0735234 0 0 0 
0 0 58650 0 0 0 -0.176894 0 0 0 
0 0 58700 0 0 0 -0.444513 0 0 0 
0 0 58750 0 0 0 -0.766957 0 0 0 
0 0 58800 0 0 0 -1.15988 0 0 0 
0 0 58850 0 0 0 -1.56828 0 0 0 
0 0 58900 0 0 0 -1.86482 0 0 0 
0 0 58950 0 0 0 -1.95028 0 0 0 
0 0 59000 0 0 0 -1.81801 0 0 0 
0 0 59050 0 0 0 -1.55143 0 0 0 
0 0 59100 0 0 0 -1.29572 0 0 0 
0 0 59150 0 0 0 -1.15788 0 0 0 
0 0 59200 0 0 0 -1.16827 0 0 0 
0 0 59250 0 0 0 -1.33726 0 0 0 
0 0 59300 0 0 0 -1.68464 0 0 0 
0 0 59350 0 0 0 -2.21835 0 0 0 
0 0 59400 0 0 0 -2.86724 0 0 0 
0 0 59450 0 0 0 -3.49375 0 0 0 
0 0 59500 0 0 0 -4.08343 0 0 0 
0 0 59550 0 0 0 -4.96026 0 0 0 
0 0 59600 0 0 0 -7.30289 0 0 0 
0 0 59650 0 0 0 -14.6573 0 0 0 
0 0 59700 0 0 0 -30.6151 0 0 0 
0 0 59750 0 0 0 -38.7982 0 0 0 
0 0 59800 0 0 0 -39.8467 0 0 0 
0 0 59850 0 0 0 -39.9224 0 0 0 
0 0 59900 0 0 0 -39.8551 0 0 0 
0 0 59950 0 0 0 -39.681 0 0 0 
0 0 60000 0 0 0 -38.9785 0 0 0 
